(array([1, 0, 0, 1]), array([2, 3, 1, 2]), array([[3, 2],
       [1, 3],
       [2, 1]]))(array([1, 1, 1, 1, 1, 1, 1, 1, 1, 1, 1, 1, 1, 1, 1, 1, 1, 1, 1, 1, 1, 1, 1,
       1, 1, 1, 1, 1, 1, 1, 1]), array([ 2,  4,  8, 16,  5, 10, 20, 13, 26, 17,  7, 14, 28, 29, 31, 27, 19,
        3,  6, 12]), array([[31,  2],
       [ 1,  4],
       [18,  8],
       [ 2, 16],
       [ 5,  5],
       [19, 10],
       [11, 20],
       [ 3, 13],
       [29, 26],
       [ 6, 17],
       [27,  7],
       [20, 14],
       [ 8, 28],
       [12, 29],
       [23, 31],
       [ 4, 27],
       [10, 19],
       [30,  3],
       [17,  6],
       [ 7, 12],
       [22, 24],
       [28, 21],
       [26, 15],
       [21, 30],
       [25, 25],
       [ 9, 23],
       [16, 11],
       [13, 22],
       [14,  9],
       [24, 18],
       [15,  1]]))(array([1, 1, 1, 1, 1, 1, 1, 1, 1, 1, 1, 1, 1, 1, 1, 1, 1, 1, 1, 1, 1, 1, 1,
       1, 1, 1, 1, 1, 1, 1, 1, 1, 1, 1, 1, 1, 1, 1, 1, 1, 1, 1, 1, 1, 1, 1,
       1, 1, 1, 1, 1, 1, 1, 1, 1, 1, 1, 1, 1, 1, 1, 1, 1, 1, 1, 1, 1, 1, 1,
       1, 1, 1, 1, 1, 1, 1, 1, 1, 1, 1, 1, 1, 1, 1, 1, 1, 1, 1, 1, 1, 1, 1,
       1, 1, 1, 1, 1, 1, 1, 1, 1, 1, 1, 1, 1, 1, 1, 1, 1, 1, 1, 1, 1, 1, 1,
       1, 1, 1, 1, 1, 1, 1, 1, 1, 1, 1, 1]), array([  2,   4,   8,  16,  32,  64,   3,   6,  12,  24,  48,  96,  67,
         5,  10,  20,  40,  80,  35,  70,  15,  30,  60, 120, 115, 101,
        73,  17,  34,  68,  11,  22,  44,  88,  51, 102,  79,  29,  58,
       116, 107,  85,  41,  82,  39,  78,  31,  62, 124, 123, 117, 105,
        81,  33,  66,   7,  14,  28,  56, 112,  99,  69,   9,  18,  36,
        72,  19,  38,  76,  27,  54, 108,  91,  53, 106,  87,  45,  90,
        55, 110,  95,  61, 122, 119]), array([[127,   2],
       [  1,   4],
       [  7,   8],
       [  2,  16],
       [ 14,  32],
       [  8,  64],
       [ 56,   3],
       [  3,   6],
       [ 63,  12],
       [ 15,  24],
       [ 31,  48],
       [  9,  96],
       [ 90,  67],
       [ 57,   5],
       [ 21,  10],
       [  4,  20],
       [ 28,  40],
       [ 64,  80],
       [ 67,  35],
       [ 16,  70],
       [112,  15],
       [ 32,  30],
       [ 97,  60],
       [ 10, 120],
       [108, 115],
       [ 91, 101],
       [ 70,  73],
       [ 58,  17],
       [ 38,  34],
       [ 22,  68],
       [ 47,  11],
       [  5,  22],
       [ 54,  44],
       [ 29,  88],
       [ 19,  51],
       [ 65, 102],
       [ 95,  79],
       [ 68,  29],
       [ 45,  58],
       [ 17, 116],
       [ 43, 107],
       [113,  85],
       [115,  41],
       [ 33,  82],
       [ 77,  39],
       [ 98,  78],
       [117,  31],
       [ 11,  62],
       [ 87, 124],
       [109, 123],
       [ 35, 117],
       [ 92, 105],
       [ 74,  81],
       [ 71,  33],
       [ 79,  66],
       [ 59,   7],
       [104,  14],
       [ 39,  28],
       [100,  56],
       [ 23, 112],
       [ 82,  99],
       [ 48,  69],
       [119,   9],
       [  6,  18],
       [126,  36],
       [ 55,  72],
       [ 13,  19],
       [ 30,  38],
       [ 62,  76],
       [ 20,  27],
       [ 89,  54],
       [ 66, 108],
       [ 27,  91],
       [ 96,  53],
       [111, 106],
       [ 69,  87],
       [107,  45],
       [ 46,  90],
       [ 37,  55],
       [ 18, 110],
       [ 53,  95],
       [ 44,  61],
       [ 94, 122],
       [114, 119],
       [ 42, 109],
       [116,  89],
       [ 76,  49],
       [ 34,  98],
       [ 86,  71],
       [ 78,  13],
       [ 73,  26],
       [ 99,  52],
       [103, 104],
       [118,  83],
       [ 81,  37],
       [ 12,  74],
       [125,  23],
       [ 88,  46],
       [ 61,  92],
       [110,  59],
       [ 26, 118],
       [ 36, 111],
       [106,  93],
       [ 93,  57],
       [ 52, 114],
       [ 75, 103],
       [ 41,  77],
       [ 72,  25],
       [ 85,  50],
       [ 80, 100],
       [102,  75],
       [ 60,  21],
       [124,  42],
       [105,  84],
       [ 25,  43],
       [ 40,  86],
       [ 51,  47],
       [101,  94],
       [ 84,  63],
       [ 24, 126],
       [123, 127],
       [ 83, 125],
       [ 50, 121],
       [ 49, 113],
       [122,  97],
       [120,  65],
       [121,   1]]))(array([1, 1, 1, 1, 1, 1, 1, 1, 1, 1, 1, 1, 1, 1, 1, 1, 1, 1, 1, 1, 1, 1, 1,
       1, 1, 1, 1, 1, 1, 1, 1, 1, 1, 1, 1, 1, 1, 1, 1, 1, 1, 1, 1, 1, 1, 1,
       1, 1, 1, 1, 1, 1, 1, 1, 1, 1, 1, 1, 1, 1, 1, 1, 1, 1, 1, 1, 1, 1, 1,
       1, 1, 1, 1, 1, 1, 1, 1, 1, 1, 1, 1, 1, 1, 1, 1, 1, 1, 1, 1, 1, 1, 1,
       1, 1, 1, 1, 1, 1, 1, 1, 1, 1, 1, 1, 1, 1, 1, 1, 1, 1, 1, 1, 1, 1, 1,
       1, 1, 1, 1, 1, 1, 1, 1, 1, 1, 1, 1, 1, 1, 1, 1, 1, 1, 1, 1, 1, 1, 1,
       1, 1, 1, 1, 1, 1, 1, 1, 1, 1, 1, 1, 1, 1, 1, 1, 1, 1, 1, 1, 1, 1, 1,
       1, 1, 1, 1, 1, 1, 1, 1, 1, 1, 1, 1, 1, 1, 1, 1, 1, 1, 1, 1, 1, 1, 1,
       1, 1, 1, 1, 1, 1, 1, 1, 1, 1, 1, 1, 1, 1, 1, 1, 1, 1, 1, 1, 1, 1, 1,
       1, 1, 1, 1, 1, 1, 1, 1, 1, 1, 1, 1, 1, 1, 1, 1, 1, 1, 1, 1, 1, 1, 1,
       1, 1, 1, 1, 1, 1, 1, 1, 1, 1, 1, 1, 1, 1, 1, 1, 1, 1, 1, 1, 1, 1, 1,
       1, 1]), array([  2,   4,   8,  16,  32,  64, 128,  29,  58, 116, 232, 205, 135,
        19,  38,  76, 152,  45,  90, 180, 117, 234, 201, 143,   3,   6,
        12,  24,  48,  96, 192, 157,  39,  78, 156,  37,  74, 148,  53,
       106, 212, 181, 119, 238, 193, 159,  35,  70, 140,   5,  10,  20,
        40,  80, 160,  93, 186, 105, 210, 185, 111, 222, 161,  95, 190,
        97, 194, 153,  47,  94, 188, 101, 202, 137,  15,  30,  60, 120,
       240, 253, 231, 211, 187, 107, 214, 177, 127, 254, 225, 223, 163,
        91, 182, 113, 226, 217, 175,  67, 134,  17,  34,  68, 136,  13,
        26,  52, 104, 208, 189, 103, 206, 129,  31,  62, 124, 248, 237,
       199, 147,  59, 118, 236, 197, 151,  51, 102, 204, 133,  23,  46,
        92, 184, 109, 218, 169,  79, 158,  33,  66, 132,  21,  42,  84,
       168,  77, 154,  41,  82, 164,  85, 170,  73, 146,  57, 114, 228,
       213, 183, 115, 230, 209, 191,  99, 198, 145,  63, 126, 252]), array([[255,   2],
       [  1,   4],
       [ 25,   8],
       [  2,  16],
       [ 50,  32],
       [ 26,  64],
       [198, 128],
       [  3,  29],
       [223,  58],
       [ 51, 116],
       [238, 232],
       [ 27, 205],
       [104, 135],
       [199,  19],
       [ 75,  38],
       [  4,  76],
       [100, 152],
       [224,  45],
       [ 14,  90],
       [ 52, 180],
       [141, 117],
       [239, 234],
       [129, 201],
       [ 28, 143],
       [193,   3],
       [105,   6],
       [248,  12],
       [200,  24],
       [  8,  48],
       [ 76,  96],
       [113, 192],
       [  5, 157],
       [138,  39],
       [101,  78],
       [ 47, 156],
       [225,  37],
       [ 36,  74],
       [ 15, 148],
       [ 33,  53],
       [ 53, 106],
       [147, 212],
       [142, 181],
       [218, 119],
       [240, 238],
       [ 18, 193],
       [130, 159],
       [ 69,  35],
       [ 29,  70],
       [181, 140],
       [194,   5],
       [125,  10],
       [106,  20],
       [ 39,  40],
       [249,  80],
       [185, 160],
       [201,  93],
       [154, 186],
       [  9, 105],
       [120, 210],
       [ 77, 185],
       [228, 111],
       [114, 222],
       [166, 161],
       [  6,  95],
       [191, 190],
       [139,  97],
       [ 98, 194],
       [102, 153],
       [221,  47],
       [ 48,  94],
       [253, 188],
       [226, 101],
       [152, 202],
       [ 37, 137],
       [179,  15],
       [ 16,  30],
       [145,  60],
       [ 34, 120],
       [136, 240],
       [ 54, 253],
       [208, 231],
       [148, 211],
       [206, 187],
       [143, 107],
       [150, 214],
       [219, 177],
       [189, 127],
       [241, 254],
       [210, 225],
       [ 19, 223],
       [ 92, 163],
       [131,  91],
       [ 56, 182],
       [ 70, 113],
       [ 64, 226],
       [ 30, 217],
       [ 66, 175],
       [182,  67],
       [163, 134],
       [195,  17],
       [ 72,  34],
       [126,  68],
       [110, 136],
       [107,  13],
       [ 58,  26],
       [ 40,  52],
       [ 84, 104],
       [250, 208],
       [133, 189],
       [186, 103],
       [ 61, 206],
       [202, 129],
       [ 94,  31],
       [155,  62],
       [159, 124],
       [ 10, 248],
       [ 21, 237],
       [121, 199],
       [ 43, 147],
       [ 78,  59],
       [212, 118],
       [229, 236],
       [172, 197],
       [115, 151],
       [243,  51],
       [167, 102],
       [ 87, 204],
       [  7, 133],
       [112,  23],
       [192,  46],
       [247,  92],
       [140, 184],
       [128, 109],
       [ 99, 218],
       [ 13, 169],
       [103,  79],
       [ 74, 158],
       [222,  33],
       [237,  66],
       [ 49, 132],
       [197,  21],
       [254,  42],
       [ 24,  84],
       [227, 168],
       [165,  77],
       [153, 154],
       [119,  41],
       [ 38,  82],
       [184, 164],
       [180,  85],
       [124, 170],
       [ 17,  73],
       [ 68, 146],
       [146,  57],
       [217, 114],
       [ 35, 228],
       [ 32, 213],
       [137, 183],
       [ 46, 115],
       [ 55, 230],
       [ 63, 209],
       [209, 191],
       [ 91,  99],
       [149, 198],
       [188, 145],
       [207,  63],
       [205, 126],
       [144, 252],
       [135, 229],
       [151, 215],
       [178, 179],
       [220, 123],
       [252, 246],
       [190, 241],
       [ 97, 255],
       [242, 227],
       [ 86, 219],
       [211, 171],
       [171,  75],
       [ 20, 150],
       [ 42,  49],
       [ 93,  98],
       [158, 196],
       [132, 149],
       [ 60,  55],
       [ 57, 110],
       [ 83, 220],
       [ 71, 165],
       [109,  87],
       [ 65, 174],
       [162,  65],
       [ 31, 130],
       [ 45,  25],
       [ 67,  50],
       [216, 100],
       [183, 200],
       [123, 141],
       [164,   7],
       [118,  14],
       [196,  28],
       [ 23,  56],
       [ 73, 112],
       [236, 224],
       [127, 221],
       [ 12, 167],
       [111,  83],
       [246, 166],
       [108,  81],
       [161, 162],
       [ 59,  89],
       [ 82, 178],
       [ 41, 121],
       [157, 242],
       [ 85, 249],
       [170, 239],
       [251, 195],
       [ 96, 155],
       [134,  43],
       [177,  86],
       [187, 172],
       [204,  69],
       [ 62, 138],
       [ 90,   9],
       [203,  18],
       [ 89,  36],
       [ 95,  72],
       [176, 144],
       [156,  61],
       [169, 122],
       [160, 244],
       [ 81, 245],
       [ 11, 247],
       [245, 243],
       [ 22, 251],
       [235, 235],
       [122, 203],
       [117, 139],
       [ 44,  11],
       [215,  22],
       [ 79,  44],
       [174,  88],
       [213, 176],
       [233, 125],
       [230, 250],
       [231, 233],
       [173, 207],
       [232, 131],
       [116,  27],
       [214,  54],
       [244, 108],
       [234, 216],
       [168, 173],
       [ 80,  71],
       [ 88, 142],
       [175,   1]]))(array([1, 1, 1, ..., 1, 1, 1]), array([  2,   4,   8, ...,  98, 196, 392]), array([[2047,    2],
       [   1,    4],
       [1029,    8],
       ..., 
       [1019,  513],
       [ 467, 1026],
       [1020,    1]]))